{
 "cells": [
  {
   "cell_type": "code",
   "execution_count": 10,
   "id": "5b73b14713ae702a",
   "metadata": {
    "ExecuteTime": {
     "end_time": "2026-01-11T11:32:14.707006Z",
     "start_time": "2026-01-11T11:32:14.663002Z"
    }
   },
   "outputs": [
    {
     "name": "stdout",
     "output_type": "stream",
     "text": [
      "The autoreload extension is already loaded. To reload it, use:\n",
      "  %reload_ext autoreload\n",
      "HuggingFace cache directory is /media/martin/BigData/datasets/cache/huggingface/\n"
     ]
    }
   ],
   "source": [
    "from sklearn.metrics import pairwise_distances\n",
    "\n",
    "from pipelines.shared.string_utils import split_camel_case\n",
    "# Setup\n",
    "\n",
    "%load_ext autoreload\n",
    "%autoreload 2\n",
    "\n",
    "import os\n",
    "\n",
    "import torch\n",
    "import numpy as np\n",
    "from umap import UMAP\n",
    "from torch.nn.functional import normalize\n",
    "from dotenv import load_dotenv\n",
    "from pandas import read_json\n",
    "from sklearn.cluster import HDBSCAN\n",
    "from transformers import AutoModel, AutoTokenizer\n",
    "\n",
    "from pipelines.multi_service.mean_pooling import mean_pooling\n",
    "\n",
    "load_dotenv()\n",
    "\n",
    "print(f\"HuggingFace cache directory is {os.environ.get('HF_HOME')}\")\n",
    "\n",
    "\n",
    "def should_be_skipped(class_name: str):\n",
    "    return (\n",
    "        class_name.endswith(\"Test\")\n",
    "        or class_name.endswith(\"Tests\")\n",
    "        or class_name.endswith(\"IT\")\n",
    "    )"
   ]
  },
  {
   "cell_type": "code",
   "execution_count": 82,
   "id": "180c85512ebf28ba",
   "metadata": {
    "ExecuteTime": {
     "end_time": "2026-01-11T13:04:51.464908Z",
     "start_time": "2026-01-11T13:03:04.518645Z"
    }
   },
   "outputs": [
    {
     "name": "stdout",
     "output_type": "stream",
     "text": [
      "Skipped small class io.aiven.klaw.clusterapi.KafkaClusterApiApplication, number of methods 1\n",
      "Skipped small class io.aiven.klaw.clusterapi.models.ClusterTopicRequest, number of methods 0\n",
      "Skipped small class io.aiven.klaw.clusterapi.models.ClusterSchemaRequest, number of methods 0\n",
      "Skipped small class io.aiven.klaw.clusterapi.models.ApiResponse, number of methods 2\n",
      "Skipped small class io.aiven.klaw.clusterapi.models.ServiceAccountDetails, number of methods 0\n",
      "Skipped small class io.aiven.klaw.clusterapi.models.SchemaCompatibilityCheckResponse, number of methods 0\n",
      "Skipped small class io.aiven.klaw.clusterapi.models.TopicConfig, number of methods 0\n",
      "Skipped small class io.aiven.klaw.clusterapi.models.ClusterSchemaCacheResetRequest, number of methods 0\n",
      "Skipped small class io.aiven.klaw.clusterapi.models.LoadTopicsResponse, number of methods 0\n",
      "Skipped small class io.aiven.klaw.clusterapi.config.JwtRequestFilter, number of methods 0\n",
      "Skipped small class io.aiven.klaw.clusterapi.models.AivenAclResponse, number of methods 0\n",
      "Skipped small class io.aiven.klaw.clusterapi.models.SchemasInfoOfClusterResponse, number of methods 0\n",
      "Skipped small class io.aiven.klaw.clusterapi.models.RegisterSchemaCustomResponse, number of methods 0\n",
      "Skipped small class io.aiven.klaw.clusterapi.models.RegisterSchemaResponse, number of methods 0\n",
      "Skipped small class io.aiven.klaw.clusterapi.models.SchemaInfoOfTopic, number of methods 0\n",
      "Skipped small class io.aiven.klaw.clusterapi.models.ClusterConnectorRequest, number of methods 0\n",
      "Skipped small class io.aiven.klaw.clusterapi.models.ClusterAclRequest, number of methods 0\n",
      "Skipped small class io.aiven.klaw.clusterapi.models.ClusterKeyIdentifier, number of methods 0\n",
      "Skipped small class io.aiven.klaw.clusterapi.models.AivenAclStruct, number of methods 0\n",
      "Skipped small class io.aiven.klaw.clusterapi.models.error.ClusterApiErrorMessages, number of methods 0\n",
      "Skipped small class io.aiven.klaw.clusterapi.models.error.RestErrorResponse, number of methods 0\n",
      "Skipped small class io.aiven.klaw.clusterapi.models.consumergroup.OffsetDetails, number of methods 0\n",
      "Skipped small class io.aiven.klaw.clusterapi.models.consumergroup.ResetConsumerGroupOffsetsRequest, number of methods 0\n",
      "Skipped small class io.aiven.klaw.clusterapi.models.connect.ConnectorsStatus, number of methods 0\n",
      "Skipped small class io.aiven.klaw.clusterapi.models.connect.Status, number of methods 0\n",
      "Skipped small class io.aiven.klaw.clusterapi.config.SslContextConfig, number of methods 2\n",
      "Skipped small class io.aiven.klaw.clusterapi.models.connect.Config, number of methods 0\n",
      "Skipped small class io.aiven.klaw.clusterapi.models.connect.Info, number of methods 0\n",
      "Skipped small class io.aiven.klaw.clusterapi.models.connect.Connector, number of methods 0\n",
      "Skipped small class io.aiven.klaw.clusterapi.models.connect.ConnectorState, number of methods 0\n",
      "Skipped small class io.aiven.klaw.clusterapi.models.connect.Task, number of methods 0\n",
      "Skipped small class io.aiven.klaw.clusterapi.controller.SchemaRegistryController, number of methods 6\n",
      "Skipped small class io.aiven.klaw.clusterapi.models.confluentcloud.Configs, number of methods 0\n",
      "Skipped small class io.aiven.klaw.clusterapi.models.confluentcloud.Metadata, number of methods 0\n",
      "Skipped small class io.aiven.klaw.clusterapi.models.confluentcloud.PartitionReassignments, number of methods 0\n",
      "Skipped small class io.aiven.klaw.clusterapi.models.confluentcloud.Partitions, number of methods 0\n",
      "Skipped small class io.aiven.klaw.clusterapi.models.confluentcloud.Config, number of methods 0\n",
      "Skipped small class io.aiven.klaw.clusterapi.config.SecurityConfig, number of methods 2\n",
      "Skipped small class io.aiven.klaw.clusterapi.models.confluentcloud.TopicObject, number of methods 0\n",
      "Skipped small class io.aiven.klaw.clusterapi.models.confluentcloud.TopicCreateRequest, number of methods 0\n",
      "Skipped small class io.aiven.klaw.clusterapi.models.confluentcloud.ListAclsResponse, number of methods 0\n",
      "Skipped small class io.aiven.klaw.clusterapi.config.SchedulerConfig, number of methods 2\n",
      "Skipped small class io.aiven.klaw.clusterapi.models.confluentcloud.AclObject, number of methods 0\n",
      "Skipped small class io.aiven.klaw.clusterapi.controller.ConsumerGroupsController, number of methods 2\n",
      "Skipped small class io.aiven.klaw.clusterapi.models.confluentcloud.ListTopicsResponse, number of methods 0\n"
     ]
    },
    {
     "name": "stderr",
     "output_type": "stream",
     "text": [
      "/home/martin/Projects/Master's Thesis/JENA/JENA.V2/.venv/lib/python3.13/site-packages/umap/umap_.py:1952: UserWarning: n_jobs value 1 overridden to 1 by setting random_state. Use no seed for parallelism.\n",
      "  warn(\n"
     ]
    },
    {
     "name": "stdout",
     "output_type": "stream",
     "text": [
      "[0 0 0 0 0 1 1 1 1 1 0 0 0 0]\n",
      "[[ 4.09609032  2.3872335   2.83578348  3.48891807  1.91486609  7.3935833\n",
      "   0.89180213  6.41921043  4.17595482  3.53075647  2.55974913  6.51638031\n",
      "   4.22281218  7.32380342  1.61292815]\n",
      " [ 2.51680112 -0.29010129  4.75836039  4.98439217  5.11956978  7.56398153\n",
      "   0.41773781  3.01133871  2.03985357  1.88203907  3.52684569  3.51438451\n",
      "   4.64435387  8.19583988 -1.0852598 ]]\n",
      "[[0.         0.11080344]\n",
      " [0.11080344 0.        ]]\n",
      "Skipped small class io.aiven.klaw.clusterapi.utils.MetricsUtils, number of methods 1\n",
      "Skipped small class io.aiven.klaw.clusterapi.utils.AdminClientProperties, number of methods 0\n"
     ]
    },
    {
     "name": "stderr",
     "output_type": "stream",
     "text": [
      "/home/martin/Projects/Master's Thesis/JENA/JENA.V2/.venv/lib/python3.13/site-packages/umap/umap_.py:1952: UserWarning: n_jobs value 1 overridden to 1 by setting random_state. Use no seed for parallelism.\n",
      "  warn(\n"
     ]
    },
    {
     "name": "stdout",
     "output_type": "stream",
     "text": [
      "[0 0 0 0 1 1 1 0 0 0]\n",
      "[[ 6.98860693 -3.07591772  6.69377184 13.20521736  4.78230429 14.06496143\n",
      "   0.52673686  9.55979347 12.14513206  5.62540436 10.23738003  1.33115554\n",
      "   5.229321    7.07524967  5.95437002]\n",
      " [ 7.00570059 -2.32967925  6.64405441 13.88626003  5.08502531 12.73556232\n",
      "   0.42557588  8.61315346 11.58621883  5.58508301 10.07354736  1.92013144\n",
      "   4.19719553  6.57941341  5.40854359]]\n",
      "[[0.         0.00244781]\n",
      " [0.00244781 0.        ]]\n"
     ]
    },
    {
     "name": "stderr",
     "output_type": "stream",
     "text": [
      "/home/martin/Projects/Master's Thesis/JENA/JENA.V2/.venv/lib/python3.13/site-packages/umap/umap_.py:1952: UserWarning: n_jobs value 1 overridden to 1 by setting random_state. Use no seed for parallelism.\n",
      "  warn(\n"
     ]
    },
    {
     "name": "stdout",
     "output_type": "stream",
     "text": [
      "[0 0 0 1 0 0 0 0 0 1 1]\n",
      "[[ 0.76603538  1.10615647  6.12567139  5.61887407  4.54169178  1.30250931\n",
      "   1.8362782   3.74048257  0.71444446  1.84510124  8.28319168 12.8821888\n",
      "   5.43736076  0.73873913  6.4252038 ]\n",
      " [ 1.15311897  1.76392925  5.75723505  5.25851345  5.68886614  0.49070951\n",
      "   2.17301154  3.72373176  1.5984019   2.81071591  8.40403366 11.84988213\n",
      "   4.69454527  1.02238369  6.00668716]]\n",
      "[[0.         0.00759187]\n",
      " [0.00759187 0.        ]]\n",
      "Skipped small class io.aiven.klaw.clusterapi.controller.TopicContentsController, number of methods 1\n",
      "Skipped small class io.aiven.klaw.clusterapi.services.JwtTokenUtilService, number of methods 3\n",
      "Skipped small class io.aiven.klaw.clusterapi.controller.KafkaConnectController, number of methods 8\n",
      "Skipped small class io.aiven.klaw.clusterapi.controller.MetricsApiController, number of methods 1\n",
      "Skipped small class io.aiven.klaw.clusterapi.services.ApacheKafkaAclService, number of methods 3\n",
      "Skipped small class io.aiven.klaw.clusterapi.services.ApacheKafkaTopicService, number of methods 5\n",
      "Skipped small class io.aiven.klaw.clusterapi.services.AivenApiService, number of methods 5\n",
      "Skipped small class io.aiven.klaw.clusterapi.services.KafkaConnectService, number of methods 9\n",
      "Skipped small class io.aiven.klaw.clusterapi.services.SchemaService, number of methods 8\n",
      "Skipped small class io.aiven.klaw.clusterapi.services.TopicContentsService, number of methods 2\n",
      "Skipped small class io.aiven.klaw.clusterapi.services.MetricsApiService, number of methods 1\n",
      "Skipped small class io.aiven.klaw.SsoActiveDirectoryAuthenticationIT, number of methods 4\n"
     ]
    },
    {
     "name": "stderr",
     "output_type": "stream",
     "text": [
      "/home/martin/Projects/Master's Thesis/JENA/JENA.V2/.venv/lib/python3.13/site-packages/umap/umap_.py:1952: UserWarning: n_jobs value 1 overridden to 1 by setting random_state. Use no seed for parallelism.\n",
      "  warn(\n"
     ]
    },
    {
     "name": "stdout",
     "output_type": "stream",
     "text": [
      "[ 0 10  6  6  6  6  2  2  2  1  2  6  8 14 14  0  7 14  3  3  3 14 13 -1\n",
      " -1  9  9  9  9 -1 14 13 14 14 14  6 15 -1 16  0  1  1  1  0  1 10 10 10\n",
      "  7 13 15 -1 15 16 -1 11 13  7  4 11  4 11  1  1  1 12 12 12 16  4 11 16\n",
      " -1  8  8 16 -1  7  8 -1  7  3  3 12 14  5  1  5  5  3  2  8]\n",
      "[[ 3.53525329  7.77355623  8.46909428  4.23975754  5.36336946 -0.47078526\n",
      "   3.76378298  5.20163488  3.34544683  4.88004732  2.73604512  6.28252554\n",
      "   0.05929476  1.65966141  4.08057165]\n",
      " [ 3.4363358   8.05198479  8.24752903  4.07635832  5.76957226 -0.26060987\n",
      "   3.88884187  5.3614974   3.28180456  4.99512959  2.48056936  6.54213476\n",
      "   0.33882251  1.80210519  4.43505192]\n",
      " [ 3.28331089  7.51414108  7.66008615  4.54106951  4.65125179  0.26017937\n",
      "   4.53919601  5.59554338  3.83795762  5.35851526  3.08282757  6.45270348\n",
      "   0.45624131  1.38169622  3.96927667]\n",
      " [ 3.235075    7.45228624  7.49705935  4.77393103  4.44185352  0.38792145\n",
      "   4.7766242   5.85581827  4.0880065   5.6314559   3.39917207  6.46155405\n",
      "   0.4980408   1.33597696  3.69601226]\n",
      " [ 7.64804077  3.60919356  4.08015728  6.06489897  4.29789829  7.07638597\n",
      "   6.12908936  4.3589468   6.37858152  3.9666574   6.33955908  4.33938313\n",
      "   7.89835405  7.34567547  4.45843124]\n",
      " [ 6.98804808  3.58444905  5.54912376  7.01325226  4.22736835  7.74044561\n",
      "   5.17873287  5.41766691  7.28903151  3.11340952  6.50153542  5.32390404\n",
      "   6.22040224  6.44739676  3.97589755]\n",
      " [ 7.55539131  3.40554595  5.39841938  6.21666288  3.7245152   7.82200146\n",
      "   4.98222589  5.27689028  7.19565344  1.59226274  6.48830795  6.14254189\n",
      "   6.55259085  6.48870516  3.40189242]\n",
      " [ 7.52321768  3.6325376   4.41996861  6.53406048  4.48737764  7.30751133\n",
      "   5.87640238  4.79202318  6.29640055  3.68529415  6.43558788  4.40086031\n",
      "   7.55092287  6.74193096  4.12982368]\n",
      " [ 5.91043282  4.0520916   4.56170797  7.32865858  5.0898447   6.37440634\n",
      "   5.02455378  4.99030542  5.75028181  4.72615385  3.8047502   3.82714391\n",
      "   7.31329203  6.25119066  4.1135335 ]\n",
      " [ 6.02486134  4.01580191  4.53072023  7.29874754  5.10297203  6.44325161\n",
      "   5.04081631  4.95524168  5.75866842  4.72006226  4.40632105  3.82295895\n",
      "   7.2952733   6.26317787  4.14015055]\n",
      " [ 7.1788168   3.75757933  4.14317513  6.71208954  4.85152435  6.94273043\n",
      "   6.03922653  4.62449932  6.17297554  4.48365831  6.34775305  3.89875531\n",
      "   7.79471493  6.80030584  4.44867802]\n",
      " [ 7.68700838  3.59385395  3.48737502  6.10705519  4.50927687  6.65586472\n",
      "   6.5311141   3.98710418  6.57797575  4.82641792  6.81482983  3.6059978\n",
      "   8.27851582  7.45880795  4.87537432]\n",
      " [ 6.86554813  3.82894325  4.45160055  6.77918196  5.01274538  6.861938\n",
      "   5.65893364  4.80584049  6.22333384  4.48665905  5.89928675  3.83097315\n",
      "   7.25464821  6.47718048  4.31304169]\n",
      " [ 6.56499386  3.81771183  4.23014116  7.04972267  5.1671629   6.67574835\n",
      "   5.75372314  4.69501114  5.88915348  4.78224421  5.46001387  3.77837992\n",
      "   7.74213982  6.59767056  4.42688704]\n",
      " [ 6.2965188   3.8473165   3.87690902  6.86739874  5.21616936  6.37478781\n",
      "   5.9715085   4.4815836   6.13047028  5.14256477  5.44680643  3.69458485\n",
      "   8.28114605  7.11834145  4.74118042]\n",
      " [ 7.28513908  3.70823693  3.9966836   6.52513504  5.22557259  6.78550196\n",
      "   6.33273602  4.49265432  6.41396046  5.11405659  6.67196894  3.35153413\n",
      "   7.82186747  6.56328869  4.7664485 ]\n",
      " [ 7.38481712  3.69026971  3.70463562  6.34373331  5.08764696  6.59968996\n",
      "   6.41838551  4.25962639  6.56659651  5.21749496  6.90541601  3.22444153\n",
      "   8.05325508  7.00202322  4.919559  ]]\n",
      "[[0.         0.00100194 0.00530866 0.00961515 0.27474993 0.23551081\n",
      "  0.25997433 0.26253407 0.22608815 0.2279313  0.25979622 0.28771463\n",
      "  0.24283202 0.24705185 0.25751969 0.26135188 0.27300815]\n",
      " [0.00100194 0.         0.00582986 0.01068593 0.26957668 0.23340506\n",
      "  0.25784911 0.25821858 0.21965857 0.22197668 0.25471602 0.28225527\n",
      "  0.23801358 0.24118171 0.25065864 0.25622214 0.26770586]\n",
      " [0.00530866 0.00582986 0.         0.00082226 0.24163375 0.20390187\n",
      "  0.22925221 0.22963125 0.19629674 0.19773703 0.22664339 0.25317843\n",
      "  0.21098819 0.2150008  0.22483622 0.22775956 0.23913599]\n",
      " [0.00961515 0.01068593 0.00082226 0.         0.23412859 0.19605032\n",
      "  0.2219872  0.22183404 0.19002178 0.19109067 0.21879343 0.24501551\n",
      "  0.20347088 0.20770785 0.21754722 0.21965922 0.2309228 ]\n",
      " [0.27474993 0.26957668 0.24163375 0.23412859 0.         0.01228144\n",
      "  0.01813185 0.00137369 0.01585037 0.01258924 0.00187355 0.00255902\n",
      "  0.00398431 0.00575644 0.00686348 0.00440811 0.00454985]\n",
      " [0.23551081 0.23340506 0.20390187 0.19605032 0.01228144 0.\n",
      "  0.00471175 0.00692805 0.01970372 0.0165418  0.01246991 0.02262574\n",
      "  0.00989208 0.01547575 0.02222258 0.01846956 0.02243785]\n",
      " [0.25997433 0.25784911 0.22925221 0.2219872  0.01813185 0.00471175\n",
      "  0.         0.01291623 0.03537456 0.03183423 0.02302773 0.03252079\n",
      "  0.02192025 0.0292107  0.03701077 0.032084   0.03580801]\n",
      " [0.26253407 0.25821858 0.22963125 0.22183404 0.00137369 0.00692805\n",
      "  0.01291623 0.         0.01334193 0.01002833 0.00164778 0.00600993\n",
      "  0.00236081 0.00491824 0.00822918 0.0049752  0.00667221]\n",
      " [0.22608815 0.21965857 0.19629674 0.19002178 0.01585037 0.01970372\n",
      "  0.03537456 0.01334193 0.         0.00041364 0.00979081 0.01991452\n",
      "  0.00641162 0.00404003 0.00611842 0.01289678 0.01657084]\n",
      " [0.2279313  0.22197668 0.19773703 0.19109067 0.01258924 0.0165418\n",
      "  0.03183423 0.01002833 0.00041364 0.         0.00673873 0.01615256\n",
      "  0.00388339 0.00221078 0.004451   0.00945191 0.01283318]\n",
      " [0.25979622 0.25471602 0.22664339 0.21879343 0.00187355 0.01246991\n",
      "  0.02302773 0.00164778 0.00979081 0.00673873 0.         0.00310386\n",
      "  0.00081873 0.00157781 0.003076   0.00128654 0.00239116]\n",
      " [0.28771463 0.28225527 0.25317843 0.24501551 0.00255902 0.02262574\n",
      "  0.03252079 0.00600993 0.01991452 0.01615256 0.00310386 0.\n",
      "  0.00644055 0.00700583 0.00570896 0.00253625 0.00115444]\n",
      " [0.24283202 0.23801358 0.21098819 0.20347088 0.00398431 0.00989208\n",
      "  0.02192025 0.00236081 0.00641162 0.00388339 0.00081873 0.00644055\n",
      "  0.         0.00099954 0.003488   0.002353   0.00448525]\n",
      " [0.24705185 0.24118171 0.2150008  0.20770785 0.00575644 0.01547575\n",
      "  0.0292107  0.00491824 0.00404003 0.00221078 0.00157781 0.00700583\n",
      "  0.00099954 0.         0.00122849 0.00291463 0.00484087]\n",
      " [0.25751969 0.25065864 0.22483622 0.21754722 0.00686348 0.02222258\n",
      "  0.03701077 0.00822918 0.00611842 0.004451   0.003076   0.00570896\n",
      "  0.003488   0.00122849 0.         0.00345864 0.00405262]\n",
      " [0.26135188 0.25622214 0.22775956 0.21965922 0.00440811 0.01846956\n",
      "  0.032084   0.0049752  0.01289678 0.00945191 0.00128654 0.00253625\n",
      "  0.002353   0.00291463 0.00345864 0.         0.00056854]\n",
      " [0.27300815 0.26770586 0.23913599 0.2309228  0.00454985 0.02243785\n",
      "  0.03580801 0.00667221 0.01657084 0.01283318 0.00239116 0.00115444\n",
      "  0.00448525 0.00484087 0.00405262 0.00056854 0.        ]]\n",
      "Skipped small class io.aiven.klaw.config.ApprovalCustomConfigurationTest, number of methods 1\n"
     ]
    },
    {
     "name": "stderr",
     "output_type": "stream",
     "text": [
      "/home/martin/Projects/Master's Thesis/JENA/JENA.V2/.venv/lib/python3.13/site-packages/umap/umap_.py:1952: UserWarning: n_jobs value 1 overridden to 1 by setting random_state. Use no seed for parallelism.\n",
      "  warn(\n"
     ]
    },
    {
     "name": "stdout",
     "output_type": "stream",
     "text": [
      "[0 0 0 0 0 0 0 0 0 0]\n",
      "[[5.54049492 4.23387718 4.40681696 5.0666852  2.68079925 6.44647312\n",
      "  5.22454071 1.69710183 3.4732213  2.16157532 1.90218663 9.86189556\n",
      "  6.29399347 4.24175215 2.92052197]]\n",
      "Skipped small class io.aiven.klaw.constants.TestConstants, number of methods 0\n",
      "Skipped small class io.aiven.klaw.SecurityConfigNoSSOIT, number of methods 7\n",
      "Skipped small class io.aiven.klaw.controller.UserTeamsControllerTest, number of methods 3\n",
      "Skipped small class io.aiven.klaw.config.ManageDatabaseTest, number of methods 7\n",
      "Skipped small class io.aiven.klaw.auth.KwAuthenticationSuccessHandlerTest, number of methods 7\n",
      "Skipped small class io.aiven.klaw.controller.ServerConfigControllerTest, number of methods 2\n",
      "Skipped small class io.aiven.klaw.controller.SchemaRegistrySyncControllerTest, number of methods 5\n",
      "Skipped small class io.aiven.klaw.controller.SchemaRegistryControllerTest, number of methods 6\n",
      "Skipped Test class io.aiven.klaw.service.ServerConfigServiceTest, number of methods 12\n",
      "Skipped Test class io.aiven.klaw.EnvsClustersTenantsControllerIT, number of methods 15\n",
      "Skipped small class io.aiven.klaw.service.RequestStatisticsServiceTest, number of methods 2\n",
      "Skipped Test class io.aiven.klaw.config.MigrationUtilityTest, number of methods 10\n",
      "Skipped small class io.aiven.klaw.ActiveDirectoryAuthorizationIT, number of methods 3\n",
      "Skipped Test class io.aiven.klaw.model.TeamModelTest, number of methods 10\n",
      "Skipped small class io.aiven.klaw.config.ApprovalConfigurationTest, number of methods 3\n",
      "Skipped Test class io.aiven.klaw.controller.AclControllerTest, number of methods 12\n",
      "Skipped small class io.aiven.klaw.model.ValidationTest, number of methods 6\n",
      "Skipped small class io.aiven.klaw.model.UserInfoModelTest, number of methods 5\n",
      "Skipped Test class io.aiven.klaw.TopicRequestValidatorImplIT, number of methods 11\n",
      "Skipped small class io.aiven.klaw.WindowsActiveDirectoryAuthenticationIT, number of methods 2\n",
      "Skipped small class io.aiven.klaw.RolesPermissionsControllerIT, number of methods 4\n",
      "Skipped small class io.aiven.klaw.dao.test.MigrationTestData2x2x0, number of methods 1\n",
      "Skipped small class io.aiven.klaw.dao.test.MigrationTestData2x1x0, number of methods 1\n",
      "Skipped Test class io.aiven.klaw.service.ApprovalServiceTest, number of methods 19\n",
      "Skipped Test class io.aiven.klaw.dao.migration.MigrateData2x3x0Test, number of methods 10\n",
      "Skipped Test class io.aiven.klaw.dao.migration.MigrateData2x2x0Test, number of methods 11\n",
      "Skipped small class io.aiven.klaw.dao.migration.MigrateData2x5x0Test, number of methods 5\n",
      "Skipped small class io.aiven.klaw.dao.migration.MigrateData2x10x0Test, number of methods 3\n",
      "Skipped Test class io.aiven.klaw.UsersTeamsControllerIT, number of methods 28\n",
      "Skipped small class io.aiven.klaw.helpers.PagerTest, number of methods 2\n",
      "Skipped small class io.aiven.klaw.helpers.PagerTest.PageInfoTestSpec, number of methods 0\n",
      "Skipped small class io.aiven.klaw.helpers.UtilMethodsTest, number of methods 4\n",
      "Skipped small class io.aiven.klaw.helpers.CompareUtilsTest, number of methods 3\n",
      "Skipped small class io.aiven.klaw.helpers.db.rdbms.ConnectorRequestsIntegrationTest, number of methods 6\n",
      "Skipped Test class io.aiven.klaw.service.TopicOverviewServiceTest, number of methods 17\n",
      "Skipped Test class io.aiven.klaw.controller.RequestControllerTest, number of methods 55\n",
      "Skipped Test class io.aiven.klaw.helpers.db.rdbms.KafkaConnectorsIntegrationTest, number of methods 39\n",
      "Skipped Test class io.aiven.klaw.controller.UiConfigControllerTest, number of methods 22\n",
      "Skipped small class io.aiven.klaw.controller.UtilControllerTest, number of methods 5\n",
      "Skipped Test class io.aiven.klaw.helpers.db.rdbms.InsertDataJdbcTest, number of methods 11\n",
      "Skipped Test class io.aiven.klaw.controller.TopicControllerTest, number of methods 14\n",
      "Skipped small class io.aiven.klaw.controller.AnalyticsControllerTest, number of methods 3\n",
      "Skipped Test class io.aiven.klaw.helpers.db.rdbms.AclRequestsIntegrationTest, number of methods 32\n",
      "Skipped Test class io.aiven.klaw.helpers.db.rdbms.DeleteDataJdbcTest, number of methods 10\n",
      "Skipped Test class io.aiven.klaw.service.AclControllerServiceTest, number of methods 52\n",
      "Skipped Test class io.aiven.klaw.helpers.db.rdbms.TopicRequestsIntegrationTest, number of methods 38\n",
      "Skipped Test class io.aiven.klaw.helpers.db.rdbms.TopicIntegrationTest, number of methods 14\n",
      "Skipped Test class io.aiven.klaw.helpers.db.rdbms.SelectDataJdbcTest, number of methods 29\n",
      "Skipped Test class io.aiven.klaw.helpers.db.rdbms.SchemaRequestsIntegrationTest, number of methods 34\n",
      "Skipped Test class io.aiven.klaw.helpers.db.rdbms.UpdateDataJdbcTest, number of methods 18\n",
      "Skipped Test class io.aiven.klaw.service.UsersTeamsControllerServiceTest, number of methods 110\n",
      "Skipped small class io.aiven.klaw.service.HARestMessagingServiceTest, number of methods 7\n",
      "Skipped small class io.aiven.klaw.service.UtilControllerServiceTest, number of methods 4\n",
      "Skipped Test class io.aiven.klaw.service.AnalyticsControllerServiceTest, number of methods 22\n",
      "Skipped small class io.aiven.klaw.service.UiConfigControllerServiceTest, number of methods 3\n",
      "Skipped Test class io.aiven.klaw.service.UiControllerLoginServiceTest, number of methods 17\n",
      "Skipped Test class io.aiven.klaw.service.TopicSyncControllerServiceTest, number of methods 24\n",
      "Skipped small class io.aiven.klaw.service.KafkaConnectSyncControllerServiceTest, number of methods 5\n",
      "Skipped small class io.aiven.klaw.service.ExportImportDataServiceTest, number of methods 4\n",
      "Skipped small class io.aiven.klaw.service.DisplayHelperTest, number of methods 2\n",
      "Skipped small class io.aiven.klaw.service.DisplayHelperTest.DisplayableTestMock, number of methods 3\n",
      "Skipped Test class io.aiven.klaw.service.SchemaOverviewServiceTest, number of methods 13\n",
      "Skipped Test class io.aiven.klaw.service.KafkaConnectControllerServiceTest, number of methods 28\n",
      "Skipped Test class io.aiven.klaw.service.ClusterApiServiceTest, number of methods 18\n",
      "Skipped Test class io.aiven.klaw.service.SchemaRegistrySyncControllerServiceTest, number of methods 14\n",
      "Skipped small class io.aiven.klaw.service.ValidateCaptchaServiceTest, number of methods 4\n",
      "Skipped Test class io.aiven.klaw.service.EnvsClustersTenantsControllerServiceTest, number of methods 52\n",
      "Skipped Test class io.aiven.klaw.service.TopicControllerServiceTest, number of methods 62\n",
      "Skipped small class io.aiven.klaw.service.MailUtilsTest, number of methods 9\n",
      "Skipped Test class io.aiven.klaw.service.AclSyncControllerServiceTest, number of methods 11\n",
      "Skipped small class io.aiven.klaw.service.EnvControllerServiceTest, number of methods 1\n",
      "Skipped Test class io.aiven.klaw.service.CommonUtilsServiceTest, number of methods 13\n",
      "Skipped Test class io.aiven.klaw.service.SchemaRegistryControllerServiceTest, number of methods 27\n",
      "Skipped small class io.aiven.klaw.service.OperationalRequestsServiceTest, number of methods 7\n",
      "Skipped small class io.aiven.klaw.constants.CacheConstants, number of methods 0\n",
      "Skipped small class io.aiven.klaw.UiapiApplication, number of methods 1\n",
      "Skipped small class io.aiven.klaw.constants.UriConstants, number of methods 0\n",
      "Skipped small class io.aiven.klaw.error.PermissionConstraintException, number of methods 0\n",
      "Skipped small class io.aiven.klaw.error.KlawBadRequestException, number of methods 0\n",
      "Skipped small class io.aiven.klaw.constants.MapConstants, number of methods 0\n",
      "Skipped small class io.aiven.klaw.error.KlawException, number of methods 0\n",
      "Skipped small class io.aiven.klaw.error.KlawConfigurationException, number of methods 0\n",
      "Skipped small class io.aiven.klaw.auth.KwAuthenticationFailureHandler, number of methods 1\n",
      "Skipped small class io.aiven.klaw.controller.CacheController, number of methods 2\n",
      "Skipped small class io.aiven.klaw.validation.PermissionAllowedAspectInterceptor, number of methods 1\n",
      "Skipped small class io.aiven.klaw.listeners.MetadataListener, number of methods 2\n",
      "Skipped small class io.aiven.klaw.perf.CreateBulkTests, number of methods 3\n",
      "Skipped small class io.aiven.klaw.perf.CreateBulkTests.MyThread1, number of methods 1\n",
      "Skipped small class io.aiven.klaw.model.SyncSchemaUpdates, number of methods 0\n",
      "Skipped small class io.aiven.klaw.model.KwMetadataUpdates, number of methods 0\n",
      "Skipped small class io.aiven.klaw.auth.KwAuthenticationSuccessHandler, number of methods 2\n",
      "Skipped small class io.aiven.klaw.dao.KafkaConnectorRequestID, number of methods 0\n",
      "Skipped small class io.aiven.klaw.dao.KwRolesPermissionsID, number of methods 0\n",
      "Skipped small class io.aiven.klaw.model.ApiResponse, number of methods 2\n",
      "Skipped small class io.aiven.klaw.model.SyncBackTopics, number of methods 0\n",
      "Skipped small class io.aiven.klaw.dao.EnvID, number of methods 0\n",
      "Skipped small class io.aiven.klaw.dao.Topic, number of methods 0\n",
      "Skipped small class io.aiven.klaw.model.TenantConfig, number of methods 0\n",
      "Skipped small class io.aiven.klaw.dao.ProductDetails, number of methods 0\n",
      "Skipped small class io.aiven.klaw.error.KlawExceptionHandler, number of methods 0\n",
      "Skipped small class io.aiven.klaw.dao.KwTenants, number of methods 0\n",
      "Skipped small class io.aiven.klaw.model.TopicOverviewInfo, number of methods 0\n",
      "Skipped small class io.aiven.klaw.error.KlawRestException, number of methods 0\n",
      "Skipped small class io.aiven.klaw.dao.Shedlock, number of methods 0\n",
      "Skipped small class io.aiven.klaw.model.SyncBackAcls, number of methods 0\n",
      "Skipped small class io.aiven.klaw.error.KlawNotAuthorizedException, number of methods 0\n",
      "Skipped small class io.aiven.klaw.model.SyncAclUpdates, number of methods 0\n",
      "Skipped small class io.aiven.klaw.error.RestErrorResponse, number of methods 0\n",
      "Skipped small class io.aiven.klaw.model.AclInfo, number of methods 0\n",
      "Skipped small class io.aiven.klaw.dao.SchemaRequest, number of methods 0\n",
      "Skipped small class io.aiven.klaw.error.KlawDataMigrationException, number of methods 0\n",
      "Skipped small class io.aiven.klaw.dao.KwEntitySequence, number of methods 0\n",
      "Skipped small class io.aiven.klaw.model.TopicBaseInfo, number of methods 0\n",
      "Skipped small class io.aiven.klaw.error.KlawErrorMessages, number of methods 0\n",
      "Skipped small class io.aiven.klaw.dao.KwClusters, number of methods 0\n",
      "Skipped small class io.aiven.klaw.model.SchemaResetCache, number of methods 0\n",
      "Skipped small class io.aiven.klaw.model.KwTenantConfigModel, number of methods 0\n",
      "Skipped small class io.aiven.klaw.dao.SchemaRequestID, number of methods 0\n",
      "Skipped small class io.aiven.klaw.error.KlawValidationException, number of methods 0\n",
      "Skipped small class io.aiven.klaw.dao.KwProperties, number of methods 0\n",
      "Skipped small class io.aiven.klaw.dao.TopicID, number of methods 0\n",
      "Skipped small class io.aiven.klaw.helpers.KwConstants, number of methods 0\n",
      "Skipped small class io.aiven.klaw.dao.ActivityLog, number of methods 0\n",
      "Skipped small class io.aiven.klaw.dao.KwRolesPermissions, number of methods 0\n",
      "Skipped small class io.aiven.klaw.dao.TopicRequestID, number of methods 0\n",
      "Skipped small class io.aiven.klaw.model.KwPropertiesModel, number of methods 1\n",
      "Skipped small class io.aiven.klaw.dao.AclRequestID, number of methods 0\n",
      "Skipped small class io.aiven.klaw.dao.AclRequests, number of methods 0\n",
      "Skipped small class io.aiven.klaw.model.SyncTopicsBulk, number of methods 0\n",
      "Skipped small class io.aiven.klaw.dao.Env, number of methods 0\n",
      "Skipped small class io.aiven.klaw.service.DefaultDataService, number of methods 8\n",
      "Skipped small class io.aiven.klaw.model.TopicConfigurationRequest, number of methods 0\n"
     ]
    },
    {
     "name": "stderr",
     "output_type": "stream",
     "text": [
      "/home/martin/Projects/Master's Thesis/JENA/JENA.V2/.venv/lib/python3.13/site-packages/umap/umap_.py:1952: UserWarning: n_jobs value 1 overridden to 1 by setting random_state. Use no seed for parallelism.\n",
      "  warn(\n"
     ]
    },
    {
     "name": "stdout",
     "output_type": "stream",
     "text": [
      "[0 0 0 0 0 1 1 0 1 0]\n",
      "[[ 9.56680202  2.06872129  2.53225684  5.7735815   5.85452652  6.74493504\n",
      "   4.16865921  1.17011571  5.24748039  4.11902142  2.12300992  3.57254243\n",
      "   5.67417622  5.80192423  3.18707681]\n",
      " [10.01821995  2.3415556   1.89567494  5.80222178  5.17021084  6.41586399\n",
      "   4.90709162  0.88151795  4.82705069  3.75646234  1.96264362  3.5847609\n",
      "   5.50559807  5.78294039  2.18085814]]\n",
      "[[0.         0.00430326]\n",
      " [0.00430326 0.        ]]\n",
      "Skipped small class io.aiven.klaw.model.CaptchaResponse, number of methods 0\n",
      "Skipped small class io.aiven.klaw.dao.OperationalRequest, number of methods 0\n",
      "Skipped small class io.aiven.klaw.dao.UserInfo, number of methods 0\n",
      "Skipped small class io.aiven.klaw.model.TopicInfo, number of methods 0\n",
      "Skipped small class io.aiven.klaw.dao.RegisterUserInfo, number of methods 0\n",
      "Skipped small class io.aiven.klaw.model.NotificationModel, number of methods 0\n",
      "Skipped small class io.aiven.klaw.model.TopicBaseConfig, number of methods 0\n",
      "Skipped small class io.aiven.klaw.dao.AclID, number of methods 0\n",
      "Skipped small class io.aiven.klaw.model.ConnectorConfig, number of methods 0\n",
      "Skipped small class io.aiven.klaw.model.SyncConnectorUpdates, number of methods 0\n",
      "Skipped small class io.aiven.klaw.dao.MessageSchema, number of methods 0\n",
      "Skipped small class io.aiven.klaw.model.ActivityLogModel, number of methods 0\n",
      "Skipped small class io.aiven.klaw.dao.KwKafkaConnectorID, number of methods 0\n",
      "Skipped small class io.aiven.klaw.dao.AclApproval, number of methods 0\n",
      "Skipped small class io.aiven.klaw.model.SyncTopicUpdates, number of methods 0\n",
      "Skipped small class io.aiven.klaw.dao.MessageSchemaID, number of methods 0\n",
      "Skipped small class io.aiven.klaw.dao.KwEntitySequenceID, number of methods 0\n",
      "Skipped small class io.aiven.klaw.model.KwTenantModel, number of methods 0\n",
      "Skipped small class io.aiven.klaw.helpers.DefaultAttributeConverter, number of methods 6\n",
      "Skipped small class io.aiven.klaw.service.OnStartupService, number of methods 1\n",
      "Skipped small class io.aiven.klaw.dao.Approval, number of methods 0\n",
      "Skipped small class io.aiven.klaw.dao.DataVersion, number of methods 0\n",
      "Skipped small class io.aiven.klaw.controller.SchemaRegistrySyncController, number of methods 4\n",
      "Skipped small class io.aiven.klaw.model.ResourceHistory, number of methods 0\n",
      "Skipped small class io.aiven.klaw.dao.ActivityLogID, number of methods 0\n"
     ]
    },
    {
     "name": "stderr",
     "output_type": "stream",
     "text": [
      "/home/martin/Projects/Master's Thesis/JENA/JENA.V2/.venv/lib/python3.13/site-packages/umap/umap_.py:1952: UserWarning: n_jobs value 1 overridden to 1 by setting random_state. Use no seed for parallelism.\n",
      "  warn(\n"
     ]
    },
    {
     "name": "stdout",
     "output_type": "stream",
     "text": [
      "[1 1 2 2 2 1 1 1 1 1 0 1 0 0 0 0 0 0 1]\n",
      "[[ 7.83825397  4.34352589  8.02275372  5.9254961   0.37520251  3.20396972\n",
      "   6.85703611  7.44368124  7.93626118  3.64661002  9.52919865  3.01326442\n",
      "   5.37076569  6.17055082  3.40947461]\n",
      " [ 2.24996185  2.56919146 10.30826664  5.92745876  1.97059298  2.19966221\n",
      "   5.61918211  3.94719815  6.62513924  4.91091394  9.14472675  5.29354191\n",
      "   3.20577145  7.98768854  4.19537115]\n",
      " [ 5.0375123   3.38088751  8.85919285  5.79301453  1.2547524   2.62891245\n",
      "   6.21149302  5.66330671  7.5243063   4.06736183  9.62652779  4.44089413\n",
      "   4.08961964  6.93111849  3.56036067]]\n",
      "[[0.         0.07021015 0.01667263]\n",
      " [0.07021015 0.         0.01983183]\n",
      " [0.01667263 0.01983183 0.        ]]\n",
      "Skipped small class io.aiven.klaw.dao.ServiceAccounts, number of methods 0\n",
      "Skipped small class io.aiven.klaw.model.TopicConfigEntry, number of methods 0\n",
      "Skipped small class io.aiven.klaw.model.requests.TopicCreateRequestModel, number of methods 0\n",
      "Skipped small class io.aiven.klaw.dao.KwMetrics, number of methods 0\n",
      "Skipped small class io.aiven.klaw.model.requests.KwClustersModel, number of methods 0\n",
      "Skipped small class io.aiven.klaw.helpers.EnvTagConverter, number of methods 1\n",
      "Skipped small class io.aiven.klaw.config.MigrationUtility, number of methods 1\n",
      "Skipped small class io.aiven.klaw.model.requests.EnvModel, number of methods 0\n",
      "Skipped small class io.aiven.klaw.model.requests.UserUpdateInfoModel, number of methods 0\n",
      "Skipped small class io.aiven.klaw.model.requests.KafkaConnectorDeleteRequestModel, number of methods 0\n",
      "Skipped small class io.aiven.klaw.validation.TopicRequestValidatorImpl, number of methods 2\n",
      "Skipped small class io.aiven.klaw.model.requests.TeamModel, number of methods 0\n",
      "Skipped small class io.aiven.klaw.dao.CRUDResponse, number of methods 2\n",
      "Skipped small class io.aiven.klaw.model.requests.TopicDeleteRequestModel, number of methods 0\n",
      "Skipped small class io.aiven.klaw.model.requests.BaseOperationalRequestModel, number of methods 0\n",
      "Skipped small class io.aiven.klaw.dao.TopicRequest, number of methods 0\n",
      "Skipped small class io.aiven.klaw.dao.KwKafkaConnector, number of methods 0\n",
      "Skipped small class io.aiven.klaw.model.requests.ProfileModel, number of methods 0\n",
      "Skipped small class io.aiven.klaw.model.requests.TopicClaimRequestModel, number of methods 0\n",
      "Skipped small class io.aiven.klaw.validation.PasswordUpdateValidatorImpl, number of methods 1\n",
      "Skipped small class io.aiven.klaw.controller.ResourceClientController, number of methods 2\n",
      "Skipped small class io.aiven.klaw.model.requests.KafkaConnectorRequestModel, number of methods 0\n",
      "Skipped small class io.aiven.klaw.dao.Team, number of methods 0\n",
      "Skipped small class io.aiven.klaw.validation.KafkaClusterValidatorImpl, number of methods 1\n",
      "Skipped small class io.aiven.klaw.dao.OperationalRequestID, number of methods 0\n",
      "Skipped small class io.aiven.klaw.model.requests.SchemaRequestModel, number of methods 0\n",
      "Skipped small class io.aiven.klaw.dao.Acl, number of methods 0\n",
      "Skipped small class io.aiven.klaw.model.requests.ConnectorClaimRequestModel, number of methods 0\n",
      "Skipped small class io.aiven.klaw.repository.TeamRepo, number of methods 7\n",
      "Skipped small class io.aiven.klaw.model.requests.RequestVerdict, number of methods 0\n",
